0.00097 0.00367
0.85243 0.84373
0.84217 0.53687
0.47523 0.01453
0.83537 0.54207
0.38603 0.55333
0.90057 0.13927
0.06483 0.74013
0.15777 0.64847
0.79163 0.65493
0.92697 0.58967
0.64643 0.17773
0.72817 0.68287
0.50923 0.98853
0.28137 0.84807
0.06003 0.56733
0.50657 0.20527
0.77883 0.19413
0.52377 0.07447
0.94563 0.94893
0.65297 0.97567
0.64043 0.71173
0.41417 0.62887
0.74323 0.16253
0.52737 0.95407
0.93403 0.78133
0.91257 0.07127
0.69283 0.84813
0.68977 0.30047
0.29963 0.44293
0.17897 0.16167
0.83443 0.44573
0.90017 0.37487
0.17723 0.53653
0.57337 0.86007
0.00803 0.19533
0.11857 0.73727
0.80683 0.70213
0.65577 0.32647
0.85363 0.13693
0.50497 0.14767
0.22843 0.37973
0.18617 0.92087
0.81123 0.11053
0.41937 0.56607
0.28203 0.80933
0.12457 0.20327
0.12083 0.75613
0.42177 0.15247
0.60763 0.03093
0.63097 0.93367
0.82243 0.51373
0.27217 0.26687
0.64523 0.88453
0.06537 0.07207
0.75603 0.62333
0.93057 0.46927
0.63483 0.01013
0.98777 0.77847
0.56163 0.12493
0.55697 0.51967
0.61643 0.84773
0.15817 0.41287
0.67923 0.85853
0.51137 0.37807
0.43003 0.63733
0.53657 0.53527
0.34883 0.46413
0.35377 0.20447
0.71563 0.41893
0.28297 0.90567
0.61043 0.38173
0.84417 0.35887
0.91323 0.03253
0.75737 0.48407
0.30403 0.85133
0.94257 0.40127
0.26283 0.11813
0.51977 0.43047
0.06963 0.91293
0.80897 0.09167
0.80443 0.11573
0.33017 0.10487
0.34723 0.40653
0.80337 0.39007
0.37803 0.26533
0.14857 0.06727
0.37683 0.97213
0.48577 0.45647
0.62363 0.60693
0.13497 0.07767
0.19843 0.04973
0.61617 0.65087
0.98123 0.98053
0.64937 0.09607
0.65203 0.87933
0.15457 0.53327
0.69083 0.02613
0.25177 0.28247
0.37763 0.50093
0.26097 0.86367
0.79243 0.18373
0.70217 0.99687
0.81523 0.75453
0.29537 0.60207
0.12603 0.69333
0.96057 0.79927
0.20483 0.28013
0.81777 0.90847
0.33163 0.59493
0.18697 0.44967
0.58643 0.51773
0.58817 0.14287
0.84923 0.72853
0.74137 0.90807
0.80003 0.70733
0.56657 0.86527
0.91883 0.73413
0.18377 0.33447
0.48563 0.88893
0.91297 0.83567
0.58043 0.05173
0.27417 0.08887
0.08323 0.90253
0.98737 0.01407
0.67403 0.92133
0.97257 0.73127
0.83283 0.38813
0.34977 0.56047
0.83963 0.38293
0.43897 0.02167
0.77443 0.78573
0.76017 0.83487
0.51723 0.27653
0.03337 0.92007
0.74803 0.33533
0.17857 0.39727
0.94683 0.24213
0.31577 0.58647
0.39363 0.07693
0.76497 0.00767
0.16843 0.71973
0.04617 0.38087
0.15123 0.85053
0.87937 0.62607
0.02203 0.94933
0.18457 0.86327
0.26083 0.29613
0.08177 0.41247
0.14763 0.97093
0.89097 0.79367
0.76243 0.85373
0.13217 0.72687
0.98523 0.62453
0.52537 0.13207
0.49603 0.76333
0.99057 0.12927
0.77483 0.55013
0.64777 0.03847
0.10163 0.06493
0.81697 0.37967
0.55643 0.18773
0.01817 0.87287
0.01923 0.59853
0.97137 0.43807
0.17003 0.77733
0.59657 0.19527
0.48883 0.00413
0.01377 0.46447
0.25563 0.35893
0.54297 0.76567
0.55043 0.72173
0.70417 0.81887
0.25323 0.77253
0.21737 0.54407
0.04403 0.99133
0.00257 0.06127
0.40283 0.65813
0.17977 0.69047
0.60963 0.85293
0.06897 0.95167
0.74443 0.45573
0.19017 0.56487
0.68723 0.14653
0.26337 0.45007
0.11803 0.40533
0.20857 0.72727
0.51683 0.51213
0.14577 0.71647
0.16363 0.54693
0.39497 0.93767
0.13843 0.38973
0.47617 0.11087
0.32123 0.72053
0.10937 0.15607
0.39203 0.01933
0.21457 0.19327
0.83083 0.56613
0.91177 0.54247
0.91763 0.44093
0.52097 0.72367
0.73243 0.52373
0.56217 0.45687
0.15523 0.49453
0.75537 0.66207
0.86603 0.83333
0.02057 0.45927
0.34483 0.82013
0.47777 0.16847
0.87163 0.53493
0.44697 0.30967
0.52643 0.85773
0.44817 0.60287
0.18923 0.46853
0.20137 0.96807
0.54003 0.84733
0.62657 0.52527
0.05883 0.27413
0.84377 0.59447
0.02563 0.82893
0.17297 0.69567
0.52043 0.39173
0.13417 0.54887
0.42323 0.64253
0.44737 0.07407
0.41403 0.06133
0.03257 0.39127
0.97283 0.92813
0.00977 0.82047
0.37963 0.32293
0.69897 0.88167
0.71443 0.12573
0.62017 0.29487
0.85723 0.01653
0.49337 0.98007
0.48803 0.47533
0.23857 0.05727
0.08683 0.78213
0.97577 0.84647
0.93363 0.01693
0.02497 0.86767
0.10843 0.05973
0.90617 0.84087
0.49123 0.59053
0.33937 0.68607
0.76203 0.08933
0.24457 0.52327
0.40083 0.83613
0.74177 0.67247
0.68763 0.91093
0.15097 0.65367
0.70243 0.19373
0.99217 0.18687
0.32523 0.36453
0.98537 0.19207
0.23603 0.90333
0.05057 0.78927
0.91483 0.09013
0.30777 0.29847
0.64163 0.00493
0.07697 0.23967
0.49643 0.52773
0.87817 0.33287
0.35923 0.33853
0.43137 0.49807
0.91003 0.91733
0.65657 0.85527
0.62883 0.54413
0.67377 0.72447
0.79563 0.29893
0.80297 0.62567
0.49043 0.06173
0.56417 0.27887
0.59323 0.51253
0.67737 0.60407
0.78403 0.13133
0.06257 0.72127
0.54283 0.19813
0.83977 0.95047
0.14963 0.79293
0.32897 0.81167
0.68443 0.79573
0.05017 0.02487
0.02723 0.88653
0.72337 0.51007
0.85803 0.54533
0.26857 0.38727
0.65683 0.05213
0.80577 0.97647
0.70363 0.48693
0.65497 0.79767
0.07843 0.72973
0.33617 0.57087
0.66123 0.46053
0.56937 0.21607
0.13203 0.15933
0.27457 0.85327
0.97083 0.10613
0.57177 0.80247
0.45763 0.38093
0.78097 0.58367
0.67243 0.86373
0.42217 0.91687
0.49523 0.23453
0.21537 0.72207
0.60603 0.97333
0.08057 0.11927
0.48483 0.36013
0.13777 0.42847
0.41163 0.47493
0.70697 0.16967
0.46643 0.19773
0.30817 0.06287
0.52923 0.20853
0.66137 0.02807
0.28003 0.98733
0.68657 0.18527
0.19883 0.81413
0.50377 0.85447
0.56563 0.76893
0.43297 0.55567
0.46043 0.73173
0.99417 0.00887
0.76323 0.38253
0.90737 0.13407
0.15403 0.20133
0.09257 0.05127
0.11283 0.46813
0.66977 0.08047
0.91963 0.26293
0.95897 0.74167
0.65443 0.46573
0.48017 0.75487
0.19723 0.75653
0.95337 0.04007
0.22803 0.61533
0.29857 0.71727
0.22683 0.32213
0.63577 0.10647
0.47363 0.95693
0.28497 0.72767
0.04843 0.39973
0.76617 0.30087
0.83123 0.33053
0.79937 0.74607
0.50203 0.22933
0.30457 0.18327
0.54083 0.37613
0.40177 0.93247
0.22763 0.85093
0.41097 0.51367
0.64243 0.53373
0.85217 0.64687
0.66523 0.10453
0.44537 0.25207
0.97603 0.04333
0.11057 0.44927
0.05483 0.63013
0.96777 0.55847
0.18163 0.94493
0.33697 0.09967
0.43643 0.86773
0.73817 0.79287
0.69923 0.07853
0.89137 0.55807
0.65003 0.05733
0.71657 0.51527
0.76883 0.08413
0.33377 0.98447
0.33563 0.23893
0.06297 0.48567
0.43043 0.40173
0.42417 0.73887
0.93323 0.25253
0.13737 0.66407
0.52403 0.27133
0.12257 0.38127
0.68283 0.73813
0.49977 0.21047
0.68963 0.73293
0.58897 0.67167
0.62443 0.13573
0.91017 0.48487
0.36723 0.62653
0.18337 0.57007
0.59803 0.68533
0.32857 0.04727
0.79683 0.59213
0.46577 0.23647
0.24363 0.42693
0.91497 0.65767
0.01843 0.06973
0.19617 0.03087
0.00123 0.20053
0.02937 0.27607
0.87203 0.29933
0.33457 0.51327
0.11083 0.64613
0.23177 0.06247
0.99763 0.32093
0.04097 0.44367
0.61243 0.20373
0.28217 0.37687
0.83523 0.97453
0.67537 0.78207
0.34603 0.11333
0.14057 0.77927
0.62483 0.90013
0.79777 0.68847
0.95163 0.41493
0.96697 0.02967
0.40643 0.53773
0.16817 0.52287
0.86923 0.94853
0.12137 0.08807
0.02003 0.12733
0.74657 0.84527
0.33883 0.35413
0.16377 0.11447
0.10563 0.70893
0.69297 0.41567
0.40043 0.07173
0.85417 0.46887
0.10323 0.12253
0.36737 0.19407
0.89403 0.34133
0.15257 0.71127
0.25283 0.00813
0.32977 0.34047
0.45963 0.20293
0.21897 0.60167
0.59443 0.80573
0.34017 0.21487
0.53723 0.49653
0.41337 0.10007
0.96803 0.75533
0.35857 0.37727
0.36683 0.86213
0.29577 0.36647
0.01363 0.89693
0.54497 0.58767
0.98843 0.73973
0.62617 0.76087
0.17123 0.07053
0.25937 0.80607
0.24203 0.36933
0.36457 0.84327
0.68083 0.91613
0.06177 0.19247
0.76763 0.79093
0.67097 0.37367
0.58243 0.87373
0.71217 0.10687
0.00523 0.84453
0.90537 0.31207
0.71603 0.18333
0.17057 0.10927
0.19483 0.17013
0.62777 0.81847
0.72163 0.88493
0.59697 0.95967
0.37643 0.20773
0.59817 0.25287
0.03923 0.81853
0.35137 0.61807
0.39003 0.19733
0.77657 0.17527
0.90883 0.62413
0.99377 0.24447
0.87563 0.17893
0.32297 0.34567
0.37043 0.74173
0.28417 0.19887
0.27323 0.99253
0.59737 0.72407
0.26403 0.41133
0.18257 0.04127
0.82283 0.27813
0.15977 0.47047
0.22963 0.67293
0.84897 0.53167
0.56443 0.47573
0.77017 0.94487
0.70723 0.36653
0.64337 0.63007
0.33803 0.82533
0.38857 0.70727
0.93683 0.13213
0.12577 0.49647
0.78363 0.36693
0.17497 0.51767
0.95843 0.40973
0.05617 0.49087
0.34123 0.94053
0.48937 0.33607
0.61203 0.43933
0.39457 0.17327
0.25083 0.18613
0.89177 0.32247
0.53763 0.26093
0.30097 0.30367
0.55243 0.54373
0.14217 0.83687
0.17523 0.71453
0.13537 0.84207
0.08603 0.25333
0.20057 0.43927
0.76483 0.44013
0.45777 0.94847
0.49163 0.35493
0.22697 0.88967
0.34643 0.87773
0.02817 0.98287
0.20923 0.68853
0.58137 0.14807
0.76003 0.26733
0.80657 0.50527
0.47883 0.89413
0.82377 0.37447
0.64563 0.64893
0.95297 0.27567
0.34043 0.41173
0.71417 0.92887
0.44323 0.86253
0.82737 0.25407
0.63403 0.48133
0.21257 0.37127
0.39283 0.54813
0.98977 0.60047
0.99963 0.14293
0.47897 0.46167
0.53443 0.14573
0.20017 0.67487
0.87723 0.23653
0.87337 0.16007
0.70803 0.89533
0.41857 0.03727
0.50683 0.40213
0.95577 0.62647
0.55363 0.83693
0.80497 0.44767
0.92843 0.07973
0.48617 0.22087
0.51123 0.81053
0.71937 0.86607
0.98203 0.50933
0.42457 0.50327
0.82083 0.45613
0.72177 0.45247
0.30763 0.73093
0.93097 0.23367
0.52243 0.21373
0.57217 0.56687
0.34523 0.58453
0.36537 0.37207
0.45603 0.32333
0.23057 0.76927
0.33483 0.71013
0.28777 0.07847
0.26163 0.82493
0.85697 0.81967
0.31643 0.54773
0.45817 0.71287
0.37923 0.55853
0.81137 0.67807
0.13003 0.33733
0.83657 0.83527
0.04883 0.16413
0.65377 0.50447
0.41563 0.11893
0.58297 0.20567
0.31043 0.08173
0.14417 0.65887
0.61323 0.73253
0.05737 0.78407
0.00403 0.55133
0.24257 0.70127
0.96283 0.81813
0.81977 0.73047
0.76963 0.61293
0.10897 0.39167
0.50443 0.81573
0.63017 0.40487
0.04723 0.10653
0.10337 0.69007
0.07803 0.96533
0.44857 0.36727
0.07683 0.67213
0.78577 0.75647
0.32363 0.30693
0.43497 0.37767
0.89843 0.74973
0.91617 0.95087
0.68123 0.68053
0.94937 0.39607
0.35203 0.57933
0.45457 0.83327
0.39083 0.72613
0.55177 0.58247
0.07763 0.20093
0.56097 0.16367
0.49243 0.88373
0.00217 0.29687
0.51523 0.45453
0.59537 0.90207
0.82603 0.39333
0.26057 0.09927
0.90483 0.98013
0.11777 0.20847
0.03163 0.29493
0.48697 0.74967
0.28643 0.21773
0.88817 0.44287
0.54923 0.42853
0.04137 0.20807
0.50003 0.40733
0.86657 0.16527
0.61883 0.43413
0.48377 0.63447
0.18563 0.58893
0.21297 0.13567
0.28043 0.75173
0.57417 0.38887
0.78323 0.60253
0.28737 0.31407
0.37403 0.62133
0.27257 0.03127
0.53283 0.08813
0.64977 0.86047
0.53963 0.08293
0.73897 0.32167
0.47443 0.48573
0.06017 0.13487
0.21723 0.97653
0.33337 0.22007
0.44803 0.03533
0.47857 0.69727
0.64683 0.94213
0.61577 0.88647
0.09363 0.77693
0.06497 0.30767
0.86843 0.41973
0.34617 0.68087
0.85123 0.55053
0.17937 0.92607
0.72203 0.64933
0.48457 0.16327
0.96083 0.99613
0.38177 0.71247
0.84763 0.67093
0.19097 0.09367
0.46243 0.55373
0.43217 0.02687
0.68523 0.32453
0.82537 0.43207
0.19603 0.46333
0.29057 0.42927
0.47483 0.25013
0.94777 0.33847
0.80163 0.76493
0.11697 0.67967
0.25643 0.88773
0.31817 0.17287
0.71923 0.29853
0.27137 0.73807
0.87003 0.47733
0.89657 0.49527
0.18883 0.70413
0.31377 0.76447
0.95563 0.05893
0.84297 0.06567
0.25043 0.42173
0.00417 0.11887
0.95323 0.47253
0.51737 0.84407
0.74403 0.69133
0.30257 0.36127
0.10283 0.35813
0.47977 0.99047
0.30963 0.55293
0.36897 0.25167
0.44443 0.15573
0.49017 0.86487
0.38723 0.84653
0.56337 0.75007
0.81803 0.10533
0.50857 0.02727
0.21683 0.21213
0.44577 0.01647
0.86363 0.24693
0.69497 0.23767
0.83843 0.08973
0.77617 0.41087
0.02123 0.42053
0.40937 0.45607
0.09203 0.71933
0.51457 0.49327
0.53083 0.26613
0.21177 0.84247
0.61763 0.14093
0.82097 0.02367
0.43243 0.22373
0.86217 0.75687
0.85523 0.19453
0.05537 0.96207
0.56603 0.53333
0.32057 0.75927
0.04483 0.52013
0.77777 0.46847
0.57163 0.23493
0.74697 0.60967
0.22643 0.55773
0.74817 0.90287
0.88923 0.16853
0.50137 0.26807
0.24003 0.54733
0.92657 0.82527
0.75883 0.97413
0.14377 0.89447
0.72563 0.52893
0.47297 0.99567
0.22043 0.09173
0.43417 0.84887
0.12323 0.34253
0.74737 0.37407
0.11403 0.76133
0.33257 0.69127
0.67283 0.62813
0.30977 0.12047
0.07963 0.02293
0.99897 0.18167
0.41443 0.82573
0.92017 0.59487
0.55723 0.71653
0.79337 0.28007
0.18803 0.17533
0.53857 0.35727
0.78683 0.48213
0.27577 0.14647
0.63363 0.71693
0.32497 0.16767
0.80843 0.75973
0.20617 0.14087
0.19123 0.29053
0.63937 0.98607
0.46203 0.78933
0.54457 0.82327
0.10083 0.53613
0.04177 0.97247
0.38763 0.61093
0.45097 0.95367
0.40243 0.89373
0.29217 0.48687
0.02523 0.06453
0.28537 0.49207
0.93603 0.60333
0.35057 0.08927
0.61483 0.79013
0.60777 0.59847
0.34163 0.70493
0.37697 0.53967
0.19643 0.22773
0.17817 0.63287
0.05923 0.03853
0.73137 0.79807
0.61003 0.61733
0.95657 0.15527
0.32883 0.24413
0.97377 0.02447
0.49563 0.99893
0.10297 0.92567
0.19043 0.76173
0.86417 0.57887
0.29323 0.21253
0.97737 0.90407
0.48403 0.83133
0.36257 0.02127
0.24283 0.89813
0.13977 0.25047
0.84963 0.49293
0.62897 0.11167
0.38443 0.49573
0.35017 0.32487
0.72723 0.58653
0.02337 0.81007
0.55803 0.24533
0.56857 0.68727
0.35683 0.75213
0.10577 0.27647
0.40363 0.18693
0.95497 0.09767
0.77843 0.42973
0.63617 0.87087
0.36123 0.16053
0.86937 0.51607
0.83203 0.85933
0.57457 0.15327
0.67083 0.80613
0.87177 0.10247
0.15763 0.08093
0.08097 0.88367
0.37243 0.56373
0.72217 0.21687
0.19523 0.93453
0.51537 0.02207
0.30603 0.67333
0.38057 0.41927
0.18483 0.06013
0.43777 0.72847
0.11163 0.17493
0.00697 0.46967
0.16643 0.89773
0.60817 0.36287
0.22923 0.90853
0.96137 0.32807
0.98003 0.68733
0.98657 0.48527
0.89883 0.51413
0.80377 0.15447
0.26563 0.46893
0.73297 0.85567
0.16043 0.43173
0.29417 0.30887
0.46323 0.08253
0.20737 0.43407
0.85403 0.90133
0.39257 0.35127
0.81283 0.16813
0.96977 0.38047
0.61963 0.96293
0.25897 0.04167
0.35443 0.16573
0.78017 0.05487
0.89723 0.45653
0.25337 0.34007
0.92803 0.31533
0.59857 0.01727
0.92683 0.02213
0.93577 0.40647
0.17363 0.65693
0.58497 0.02767
0.74843 0.09973
0.06617 0.60087
0.53123 0.03053
0.09937 0.04607
0.20203 0.92933
0.60457 0.48327
0.24083 0.07613
0.70177 0.23247
0.92763 0.55093
0.71097 0.81367
0.34243 0.23373
0.15217 0.94687
0.36523 0.80453
0.74537 0.55207
0.67603 0.74333
0.41057 0.74927
0.75483 0.33013
0.26777 0.85847
0.88163 0.64493
0.63697 0.39967
0.13643 0.56773
0.03817 0.09287
0.39923 0.77853
0.19137 0.85807
0.35003 0.75733
0.01657 0.81527
0.46883 0.78413
0.63377 0.28447
0.03563 0.93893
0.36297 0.78567
0.13043 0.10173
0.72417 0.03887
0.63323 0.95253
0.43737 0.96407
0.22403 0.97133
0.42257 0.68127
0.38283 0.43813
0.79977 0.51047
0.38963 0.43293
0.88897 0.97167
0.32443 0.83573
0.21017 0.78487
0.06723 0.32653
0.48337 0.87007
0.29803 0.38533
0.62857 0.34727
0.49683 0.29213
0.76577 0.53647
0.94363 0.12693
0.21497 0.95767
0.71843 0.76973
0.49617 0.33087
0.70123 0.90053
0.32937 0.57607
0.57203 0.99933
0.63457 0.81327
0.81083 0.34613
0.53177 0.36247
0.69763 0.02093
0.34097 0.74367
0.31243 0.90373
0.58217 0.67687
0.53523 0.67453
0.97537 0.08207
0.04603 0.81333
0.44057 0.07927
0.32483 0.60013
0.09777 0.98847
0.65163 0.11493
0.26697 0.32967
0.10643 0.23773
0.46817 0.82287
0.56923 0.64853
0.42137 0.38807
0.72003 0.82733
0.04657 0.14527
0.03883 0.05413
0.46377 0.41447
0.80563 0.40893
0.99297 0.71567
0.10043 0.77173
0.15417 0.76887
0.80323 0.82253
0.66737 0.49407
0.59403 0.04133
0.45257 0.01127
0.95283 0.70813
0.62977 0.64047
0.15963 0.90293
0.51897 0.90167
0.29443 0.50573
0.64017 0.51487
0.23723 0.19653
0.71337 0.40007
0.66803 0.45533
0.65857 0.67727
0.06683 0.56213
0.59577 0.66647
0.71363 0.59693
0.84497 0.88767
0.68843 0.43973
0.92617 0.06087
0.87123 0.77053
0.55937 0.10607
0.94203 0.06933
0.66457 0.14327
0.38083 0.61613
0.36177 0.49247
0.46763 0.49093
0.97097 0.67367
0.28243 0.57373
0.01217 0.40687
0.70523 0.54453
0.20537 0.61207
0.41603 0.88333
0.47057 0.40927
0.89483 0.87013
0.92777 0.11847
0.42163 0.58493
0.89697 0.25967
0.07643 0.90773
0.89817 0.55287
0.73923 0.51853
0.65137 0.91807
0.09003 0.89733
0.07657 0.47527
0.60883 0.32413
0.29377 0.54447
0.57563 0.87893
0.62297 0.64567
0.07043 0.44173
0.58417 0.49887
0.97323 0.69253
0.89737 0.02407
0.96403 0.11133
0.48257 0.34127
0.52283 0.97813
0.45977 0.77047
0.92963 0.37293
0.14897 0.83167
0.26443 0.17573
0.07017 0.24487
0.40723 0.06653
0.94337 0.93007
0.03803 0.52533
0.68857 0.00727
0.63683 0.83213
0.42577 0.79647
0.48363 0.06693
0.47497 0.81767
0.65843 0.10973
0.35617 0.79087
0.04123 0.64053
0.78937 0.63607
0.31203 0.13933
0.69457 0.47327
0.95083 0.88613
0.19177 0.62247
0.23763 0.96093
